-10.6066  -10.6066
-10.4652  -10.4652
-10.3238  -10.3238
-10.1823  -10.1823
-10.0409  -10.0409
-9.89949  -9.89949
-9.75807  -9.75807
-9.61665  -9.61665
-9.47523  -9.47523
-9.33381  -9.33381
-9.19239  -9.19239
-9.05097  -9.05097
-8.90955  -8.90955
-8.76812  -8.76812
-8.6267  -8.6267
-8.48528  -8.48528
-8.34386  -8.34386
-8.20244  -8.20244
-8.06102  -8.06102
-7.9196  -7.9196
-7.77817  -7.77817
-7.63675  -7.63675
-7.49533  -7.49533
-7.35391  -7.35391
-7.21249  -7.21249
-7.07107  -7.07107
-6.92965  -6.92965
-6.78823  -6.78823
-6.6468  -6.6468
-6.50538  -6.50538
-6.36396  -6.36396
-6.22254  -6.22254
-6.08112  -6.08112
-5.9397  -5.9397
-5.79828  -5.79828
-5.65685  -5.65685
-5.51543  -5.51543
-5.37401  -5.37401
-5.23259  -5.23259
-5.09117  -5.09117
-4.94975  -4.94975
-4.80833  -4.80833
-4.6669  -4.6669
-4.52548  -4.52548
-4.38406  -4.38406
-4.24264  -4.24264
-4.10122  -4.10122
-3.9598  -3.9598
-3.81838  -3.81838
-3.67696  -3.67696
-3.53553  -3.53553
-3.39411  -3.39411
-3.25269  -3.25269
-3.11127  -3.11127
-2.96985  -2.96985
-2.82843  -2.82843
-2.68701  -2.68701
-2.54558  -2.54558
-2.40416  -2.40416
-2.26274  -2.26274
-2.12132  -2.12132
-1.9799  -1.9799
-1.83848  -1.83848
-1.69706  -1.69706
-1.55563  -1.55563
-1.41421  -1.41421
-1.27279  -1.27279
-1.13137  -1.13137
-0.989949  -0.989949
-0.848528  -0.848528
-0.707107  -0.707107
-0.565685  -0.565685
-0.424264  -0.424264
-0.282843  -0.282843
-0.141421  -0.141421
-1.42109e-14  -1.42109e-14
0.141421  0.141421
0.282843  0.282843
0.424264  0.424264
0.565685  0.565685
0.707107  0.707107
0.848528  0.848528
0.989949  0.989949
1.13137  1.13137
1.27279  1.27279
1.41421  1.41421
1.55563  1.55563
1.69706  1.69706
1.83848  1.83848
1.9799  1.9799
2.12132  2.12132
2.26274  2.26274
2.40416  2.40416
2.54558  2.54558
2.68701  2.68701
2.82843  2.82843
2.96985  2.96985
3.11127  3.11127
3.25269  3.25269
3.39411  3.39411
3.53553  3.53553
3.67696  3.67696
3.81838  3.81838
3.9598  3.9598
4.10122  4.10122
4.24264  4.24264
4.38406  4.38406
4.52548  4.52548
4.6669  4.6669
4.80833  4.80833
4.94975  4.94975
5.09117  5.09117
5.23259  5.23259
5.37401  5.37401
5.51543  5.51543
5.65685  5.65685
5.79828  5.79828
5.9397  5.9397
6.08112  6.08112
6.22254  6.22254
6.36396  6.36396
6.50538  6.50538
6.6468  6.6468
6.78823  6.78823
6.92965  6.92965
7.07107  7.07107
7.21249  7.21249
7.35391  7.35391
7.49533  7.49533
7.63675  7.63675
7.77817  7.77817
7.9196  7.9196
8.06102  8.06102
8.20244  8.20244
8.34386  8.34386
8.48528  8.48528
8.6267  8.6267
8.76812  8.76812
8.90955  8.90955
9.05097  9.05097
9.19239  9.19239
9.33381  9.33381
9.47523  9.47523
9.61665  9.61665
9.75807  9.75807
9.89949  9.89949
10.0409  10.0409
10.1823  10.1823
10.3238  10.3238
10.4652  10.4652
10.6066  10.6066
10.6066  10.6066
10.749  10.7471
10.8932  10.8856
11.0392  11.0223
11.1871  11.1569
11.3367  11.2896
11.4881  11.4203
11.6413  11.549
11.7961  11.6755
11.9526  11.8001
12.1108  11.9225
12.2705  12.0428
12.4319  12.161
12.5948  12.277
12.7593  12.3908
12.9252  12.5024
13.0927  12.6118
13.2615  12.7189
13.4318  12.8238
13.6035  12.9264
13.7765  13.0267
13.9509  13.1247
14.1265  13.2204
14.3034  13.3137
14.4815  13.4046
14.6608  13.4932
14.8413  13.5794
15.023  13.6631
15.2057  13.7444
15.3895  13.8233
15.5743  13.8997
15.7601  13.9737
15.9469  14.0451
16.1346  14.1141
16.3233  14.1806
16.5128  14.2445
16.7031  14.3059
16.8943  14.3648
17.0862  14.4211
17.2788  14.4748
17.4721  14.526
17.6661  14.5746
17.8608  14.6206
18.056  14.664
18.2518  14.7048
18.4481  14.7429
18.6449  14.7785
18.8422  14.8114
19.0399  14.8417
19.238  14.8694
19.4364  14.8944
19.6352  14.9168
19.8342  14.9365
20.0335  14.9535
20.2329  14.9679
20.4326  14.9797
20.6324  14.9888
20.8323  14.9952
21.0322  14.9989
21.2322  15
21.4322  14.9984
21.6322  14.9941
21.8321  14.9872
22.0318  14.9776
22.2314  14.9654
22.4309  14.9505
22.6301  14.9329
22.8291  14.9127
23.0278  14.8898
23.2261  14.8643
23.4241  14.8362
23.6218  14.8054
23.8189  14.7719
24.0157  14.7359
24.2119  14.6972
24.4076  14.6559
24.6027  14.612
24.7972  14.5655
24.9911  14.5165
25.1843  14.4648
25.3768  14.4106
25.5686  14.3538
25.7596  14.2944
25.9498  14.2325
26.1391  14.1681
26.3276  14.1012
26.5151  14.0317
26.7017  13.9598
26.8874  13.8854
27.072  13.8085
27.2556  13.7292
27.4381  13.6474
27.6195  13.5632
27.7998  13.4765
27.9789  13.3875
28.1568  13.2961
28.3334  13.2024
28.5088  13.1063
28.6829  13.0078
28.8557  12.9071
29.0271  12.804
29.1971  12.6987
29.3657  12.5911
29.5329  12.4813
29.6985  12.3693
29.8627  12.255
30.0253  12.1386
30.1864  12.0201
30.3459  11.8994
30.5037  11.7765
30.6599  11.6516
30.8144  11.5246
30.9672  11.3956
31.1183  11.2645
31.2676  11.1315
31.4151  10.9964
31.5608  10.8594
31.7047  10.7205
31.8467  10.5797
31.9868  10.4369
32.125  10.2924
32.2612  10.146
32.3955  9.99777
32.5278  9.84778
32.6581  9.69605
32.7864  9.54259
32.9126  9.38744
33.0367  9.23062
33.1587  9.07216
33.2786  8.91208
33.3964  8.75042
33.512  8.58721
33.6254  8.42246
33.7366  8.25622
33.8455  8.08852
33.9523  7.91937
34.0567  7.74882
34.1589  7.57689
34.2588  7.40361
34.3563  7.22902
34.4515  7.05314
34.5444  6.87601
34.6349  6.69765
34.723  6.5181
34.8087  6.3374
34.892  6.15557
34.9728  5.97264
35.0512  5.78866
35.1272  5.60364
35.2007  5.41763
35.2717  5.23065
35.3402  5.04275
35.4061  4.85394
35.4696  4.66428
35.5305  4.47378
35.5889  4.2825
35.6447  4.09044
35.698  3.89767
35.7486  3.7042
35.7967  3.51007
35.8422  3.31531
35.8851  3.11997
35.9254  2.92407
35.9631  2.72766
35.9982  2.53075
36.0306  2.3334
36.0604  2.13563
36.0875  1.93749
36.1121  1.739
36.1339  1.5402
36.1531  1.34112
36.1697  1.14181
36.1836  0.942296
36.1948  0.742613
36.2034  0.542798
36.2093  0.342887
36.2125  0.142915
36.2131  -0.0570831
36.211  -0.257071
36.2062  -0.457013
36.1988  -0.656873
36.1887  -0.856617
36.176  -1.05621
36.1606  -1.25561
36.1425  -1.45479
36.1218  -1.65371
36.0984  -1.85234
36.0724  -2.05064
36.0437  -2.24858
36.0124  -2.44611
35.9785  -2.64321
35.9419  -2.83984
35.9028  -3.03596
35.861  -3.23155
35.8166  -3.42656
35.7696  -3.62096
35.72  -3.81472
35.6679  -4.0078
35.6132  -4.20016
35.5559  -4.39179
35.496  -4.58262
35.4337  -4.77265
35.3688  -4.96183
35.3014  -5.15012
35.2314  -5.3375
35.159  -5.52393
35.0841  -5.70938
35.0068  -5.89381
34.927  -6.0772
34.8447  -6.2595
34.7601  -6.44069
34.673  -6.62074
34.5835  -6.79961
34.4917  -6.97727
34.3975  -7.15369
34.3009  -7.32884
34.202  -7.50269
34.1008  -7.6752
33.9974  -7.84635
33.8916  -8.0161
33.7836  -8.18443
33.6734  -8.3513
33.5609  -8.51669
33.4463  -8.68056
33.3294  -8.84289
33.2105  -9.00365
33.0894  -9.16281
32.9661  -9.32034
32.8408  -9.47621
32.7134  -9.6304
32.584  -9.78288
32.4526  -9.93361
32.3191  -10.0826
32.1837  -10.2298
32.0463  -10.3751
31.907  -10.5186
31.7659  -10.6603
31.6228  -10.8
31.4779  -10.9379
31.3311  -11.0737
31.1826  -11.2077
31.0322  -11.3396
30.8802  -11.4695
30.7264  -11.5974
30.5709  -11.7232
30.4138  -11.8469
30.255  -11.9685
30.0946  -12.088
29.9327  -12.2054
29.7692  -12.3205
29.6041  -12.4335
29.4376  -12.5443
29.2696  -12.6528
29.1002  -12.7591
28.9294  -12.8631
28.7572  -12.9649
28.5837  -13.0643
28.4089  -13.1614
28.2327  -13.2562
28.0554  -13.3486
27.8768  -13.4386
27.697  -13.5263
27.5161  -13.6115
27.334  -13.6944
27.1509  -13.7747
26.9667  -13.8527
26.7815  -13.9282
26.5953  -14.0012
26.4082  -14.0717
26.2201  -14.1397
26.0311  -14.2052
25.8413  -14.2682
25.6507  -14.3286
25.4592  -14.3865
25.267  -14.4418
25.0741  -14.4946
24.8805  -14.5448
24.6863  -14.5924
24.4914  -14.6374
24.2959  -14.6798
24.0999  -14.7196
23.9034  -14.7568
23.7064  -14.7913
23.509  -14.8233
23.3112  -14.8526
23.1129  -14.8792
22.9144  -14.9032
22.7155  -14.9246
22.5164  -14.9433
22.3171  -14.9593
22.1175  -14.9727
21.9178  -14.9834
21.718  -14.9915
21.518  -14.9969
21.3181  -14.9996
21.1181  -14.9997
20.9181  -14.9971
20.7182  -14.9918
20.5183  -14.9839
20.3186  -14.9733
20.119  -14.96
19.9197  -14.9441
19.7205  -14.9255
19.5217  -14.9043
19.3231  -14.8804
19.1249  -14.8539
18.927  -14.8248
18.7296  -14.793
18.5325  -14.7585
18.336  -14.7215
18.14  -14.6818
17.9445  -14.6395
17.7496  -14.5946
17.5553  -14.5472
17.3617  -14.4971
17.1687  -14.4445
16.9765  -14.3892
16.785  -14.3315
16.5944  -14.2712
16.4045  -14.2083
16.2155  -14.1429
16.0274  -14.075
15.8402  -14.0047
15.6539  -13.9318
15.4687  -13.8564
15.2844  -13.7786
15.1012  -13.6983
14.9191  -13.6156
14.7382  -13.5305
14.5583  -13.4429
14.3797  -13.353
14.2023  -13.2607
14.0261  -13.1661
13.8512  -13.0691
13.6776  -12.9698
13.5053  -12.8681
13.3344  -12.7642
13.165  -12.658
12.9969  -12.5496
12.8303  -12.4389
12.6652  -12.3261
12.5016  -12.211
12.3396  -12.0938
12.1791  -11.9744
12.0203  -11.8529
11.8631  -11.7292
11.7075  -11.6035
11.5537  -11.4758
11.4015  -11.346
11.2511  -11.2141
11.1025  -11.0803
10.9556  -10.9445
10.8106  -10.8068
10.6675  -10.6671
10.6066  -10.6066
10.4652  -10.4652
10.3238  -10.3238
10.1823  -10.1823
10.0409  -10.0409
9.89949  -9.89949
9.75807  -9.75807
9.61665  -9.61665
9.47523  -9.47523
9.33381  -9.33381
9.19239  -9.19239
9.05097  -9.05097
8.90955  -8.90955
8.76812  -8.76812
8.6267  -8.6267
8.48528  -8.48528
8.34386  -8.34386
8.20244  -8.20244
8.06102  -8.06102
7.9196  -7.9196
7.77817  -7.77817
7.63675  -7.63675
7.49533  -7.49533
7.35391  -7.35391
7.21249  -7.21249
7.07107  -7.07107
6.92965  -6.92965
6.78823  -6.78823
6.6468  -6.6468
6.50538  -6.50538
6.36396  -6.36396
6.22254  -6.22254
6.08112  -6.08112
5.9397  -5.9397
5.79828  -5.79828
5.65685  -5.65685
5.51543  -5.51543
5.37401  -5.37401
5.23259  -5.23259
5.09117  -5.09117
4.94975  -4.94975
4.80833  -4.80833
4.6669  -4.6669
4.52548  -4.52548
4.38406  -4.38406
4.24264  -4.24264
4.10122  -4.10122
3.9598  -3.9598
3.81838  -3.81838
3.67696  -3.67696
3.53553  -3.53553
3.39411  -3.39411
3.25269  -3.25269
3.11127  -3.11127
2.96985  -2.96985
2.82843  -2.82843
2.68701  -2.68701
2.54558  -2.54558
2.40416  -2.40416
2.26274  -2.26274
2.12132  -2.12132
1.9799  -1.9799
1.83848  -1.83848
1.69706  -1.69706
1.55563  -1.55563
1.41421  -1.41421
1.27279  -1.27279
1.13137  -1.13137
0.989949  -0.989949
0.848528  -0.848528
0.707107  -0.707107
0.565685  -0.565685
0.424264  -0.424264
0.282843  -0.282843
0.141421  -0.141421
1.42109e-14  -1.42109e-14
-0.141421  0.141421
-0.282843  0.282843
-0.424264  0.424264
-0.565685  0.565685
-0.707107  0.707107
-0.848528  0.848528
-0.989949  0.989949
-1.13137  1.13137
-1.27279  1.27279
-1.41421  1.41421
-1.55563  1.55563
-1.69706  1.69706
-1.83848  1.83848
-1.9799  1.9799
-2.12132  2.12132
-2.26274  2.26274
-2.40416  2.40416
-2.54558  2.54558
-2.68701  2.68701
-2.82843  2.82843
-2.96985  2.96985
-3.11127  3.11127
-3.25269  3.25269
-3.39411  3.39411
-3.53553  3.53553
-3.67696  3.67696
-3.81838  3.81838
-3.9598  3.9598
-4.10122  4.10122
-4.24264  4.24264
-4.38406  4.38406
-4.52548  4.52548
-4.6669  4.6669
-4.80833  4.80833
-4.94975  4.94975
-5.09117  5.09117
-5.23259  5.23259
-5.37401  5.37401
-5.51543  5.51543
-5.65685  5.65685
-5.79828  5.79828
-5.9397  5.9397
-6.08112  6.08112
-6.22254  6.22254
-6.36396  6.36396
-6.50538  6.50538
-6.6468  6.6468
-6.78823  6.78823
-6.92965  6.92965
-7.07107  7.07107
-7.21249  7.21249
-7.35391  7.35391
-7.49533  7.49533
-7.63675  7.63675
-7.77817  7.77817
-7.9196  7.9196
-8.06102  8.06102
-8.20244  8.20244
-8.34386  8.34386
-8.48528  8.48528
-8.6267  8.6267
-8.76812  8.76812
-8.90955  8.90955
-9.05097  9.05097
-9.19239  9.19239
-9.33381  9.33381
-9.47523  9.47523
-9.61665  9.61665
-9.75807  9.75807
-9.89949  9.89949
-10.0409  10.0409
-10.1823  10.1823
-10.3238  10.3238
-10.4652  10.4652
-10.6066  10.6066
-10.6066  10.6066
-10.749  10.7471
-10.8932  10.8856
-11.0392  11.0223
-11.1871  11.1569
-11.3367  11.2896
-11.4881  11.4203
-11.6413  11.549
-11.7961  11.6755
-11.9526  11.8001
-12.1108  11.9225
-12.2705  12.0428
-12.4319  12.161
-12.5948  12.277
-12.7593  12.3908
-12.9252  12.5024
-13.0927  12.6118
-13.2615  12.7189
-13.4318  12.8238
-13.6035  12.9264
-13.7765  13.0267
-13.9509  13.1247
-14.1265  13.2204
-14.3034  13.3137
-14.4815  13.4046
-14.6608  13.4932
-14.8413  13.5794
-15.023  13.6631
-15.2057  13.7444
-15.3895  13.8233
-15.5743  13.8997
-15.7601  13.9737
-15.9469  14.0451
-16.1346  14.1141
-16.3233  14.1806
-16.5128  14.2445
-16.7031  14.3059
-16.8942  14.3648
-17.0862  14.4211
-17.2788  14.4748
-17.4721  14.526
-17.6661  14.5746
-17.8608  14.6206
-18.056  14.664
-18.2518  14.7048
-18.4481  14.7429
-18.6449  14.7785
-18.8422  14.8114
-19.0399  14.8417
-19.238  14.8694
-19.4364  14.8944
-19.6352  14.9168
-19.8342  14.9365
-20.0335  14.9535
-20.2329  14.9679
-20.4326  14.9797
-20.6324  14.9888
-20.8323  14.9952
-21.0322  14.9989
-21.2322  15
-21.4322  14.9984
-21.6322  14.9941
-21.8321  14.9872
-22.0318  14.9776
-22.2314  14.9654
-22.4309  14.9505
-22.6301  14.9329
-22.8291  14.9127
-23.0278  14.8898
-23.2261  14.8643
-23.4241  14.8362
-23.6218  14.8054
-23.8189  14.7719
-24.0157  14.7359
-24.2119  14.6972
-24.4076  14.6559
-24.6027  14.612
-24.7972  14.5655
-24.9911  14.5165
-25.1843  14.4648
-25.3768  14.4106
-25.5686  14.3538
-25.7596  14.2944
-25.9498  14.2325
-26.1391  14.1681
-26.3276  14.1012
-26.5151  14.0317
-26.7017  13.9598
-26.8874  13.8854
-27.072  13.8085
-27.2556  13.7292
-27.4381  13.6474
-27.6195  13.5632
-27.7998  13.4765
-27.9789  13.3875
-28.1568  13.2961
-28.3334  13.2024
-28.5088  13.1063
-28.6829  13.0078
-28.8557  12.9071
-29.0271  12.804
-29.1971  12.6987
-29.3657  12.5911
-29.5329  12.4813
-29.6985  12.3693
-29.8627  12.255
-30.0253  12.1386
-30.1864  12.0201
-30.3459  11.8994
-30.5037  11.7765
-30.6599  11.6516
-30.8144  11.5246
-30.9672  11.3956
-31.1183  11.2645
-31.2676  11.1315
-31.4151  10.9964
-31.5608  10.8594
-31.7047  10.7205
-31.8467  10.5797
-31.9868  10.4369
-32.125  10.2924
-32.2612  10.146
-32.3955  9.99777
-32.5278  9.84778
-32.6581  9.69605
-32.7864  9.54259
-32.9126  9.38744
-33.0367  9.23062
-33.1587  9.07216
-33.2786  8.91208
-33.3964  8.75042
-33.512  8.58721
-33.6254  8.42246
-33.7366  8.25622
-33.8455  8.08852
-33.9523  7.91937
-34.0567  7.74882
-34.1589  7.57689
-34.2588  7.40361
-34.3563  7.22902
-34.4515  7.05314
-34.5444  6.87601
-34.6349  6.69765
-34.723  6.5181
-34.8087  6.3374
-34.892  6.15557
-34.9728  5.97264
-35.0512  5.78866
-35.1272  5.60364
-35.2007  5.41763
-35.2717  5.23065
-35.3402  5.04275
-35.4061  4.85394
-35.4696  4.66428
-35.5305  4.47379
-35.5889  4.2825
-35.6447  4.09045
-35.698  3.89767
-35.7486  3.7042
-35.7967  3.51007
-35.8422  3.31531
-35.8851  3.11997
-35.9254  2.92407
-35.9631  2.72766
-35.9982  2.53075
-36.0306  2.3334
-36.0604  2.13564
-36.0875  1.93749
-36.1121  1.739
-36.1339  1.5402
-36.1531  1.34112
-36.1697  1.14181
-36.1836  0.942297
-36.1948  0.742614
-36.2034  0.542799
-36.2093  0.342888
-36.2125  0.142915
-36.2131  -0.0570823
-36.211  -0.25707
-36.2062  -0.457012
-36.1988  -0.656872
-36.1887  -0.856616
-36.176  -1.05621
-36.1606  -1.25561
-36.1425  -1.45479
-36.1218  -1.65371
-36.0984  -1.85234
-36.0724  -2.05064
-36.0437  -2.24857
-36.0124  -2.44611
-35.9785  -2.64321
-35.9419  -2.83984
-35.9028  -3.03596
-35.861  -3.23155
-35.8166  -3.42656
-35.7696  -3.62096
-35.72  -3.81472
-35.6679  -4.0078
-35.6132  -4.20016
-35.5559  -4.39178
-35.496  -4.58262
-35.4337  -4.77265
-35.3688  -4.96183
-35.3014  -5.15012
-35.2314  -5.3375
-35.159  -5.52393
-35.0841  -5.70938
-35.0068  -5.89381
-34.927  -6.07719
-34.8447  -6.2595
-34.7601  -6.44069
-34.673  -6.62074
-34.5835  -6.79961
-34.4917  -6.97727
-34.3975  -7.15369
-34.3009  -7.32884
-34.202  -7.50269
-34.1008  -7.6752
-33.9974  -7.84635
-33.8916  -8.0161
-33.7836  -8.18443
-33.6734  -8.3513
-33.5609  -8.51669
-33.4463  -8.68056
-33.3294  -8.84289
-33.2105  -9.00365
-33.0894  -9.16281
-32.9661  -9.32034
-32.8408  -9.47621
-32.7134  -9.6304
-32.584  -9.78288
-32.4526  -9.93361
-32.3191  -10.0826
-32.1837  -10.2298
-32.0463  -10.3751
-31.907  -10.5186
-31.7659  -10.6603
-31.6228  -10.8
-31.4779  -10.9379
-31.3311  -11.0737
-31.1826  -11.2077
-31.0323  -11.3396
-30.8802  -11.4695
-30.7264  -11.5974
-30.5709  -11.7232
-30.4138  -11.8469
-30.255  -11.9685
-30.0946  -12.088
-29.9327  -12.2054
-29.7692  -12.3205
-29.6042  -12.4335
-29.4376  -12.5443
-29.2696  -12.6528
-29.1002  -12.7591
-28.9294  -12.8631
-28.7572  -12.9649
-28.5837  -13.0643
-28.4089  -13.1614
-28.2327  -13.2562
-28.0554  -13.3486
-27.8768  -13.4386
-27.697  -13.5263
-27.5161  -13.6115
-27.334  -13.6944
-27.1509  -13.7747
-26.9667  -13.8527
-26.7815  -13.9282
-26.5953  -14.0012
-26.4082  -14.0717
-26.2201  -14.1397
-26.0311  -14.2052
-25.8413  -14.2682
-25.6507  -14.3286
-25.4592  -14.3865
-25.267  -14.4418
-25.0741  -14.4946
-24.8805  -14.5448
-24.6863  -14.5924
-24.4914  -14.6374
-24.2959  -14.6798
-24.0999  -14.7196
-23.9034  -14.7568
-23.7064  -14.7913
-23.509  -14.8233
-23.3112  -14.8526
-23.113  -14.8792
-22.9144  -14.9032
-22.7155  -14.9246
-22.5164  -14.9433
-22.3171  -14.9593
-22.1175  -14.9727
-21.9178  -14.9834
-21.718  -14.9915
-21.518  -14.9969
-21.3181  -14.9996
-21.1181  -14.9997
-20.9181  -14.9971
-20.7182  -14.9918
-20.5183  -14.9839
-20.3186  -14.9733
-20.119  -14.96
-19.9197  -14.9441
-19.7205  -14.9255
-19.5217  -14.9043
-19.3231  -14.8804
-19.1249  -14.8539
-18.927  -14.8248
-18.7296  -14.793
-18.5325  -14.7585
-18.336  -14.7215
-18.14  -14.6818
-17.9445  -14.6395
-17.7496  -14.5946
-17.5553  -14.5472
-17.3617  -14.4971
-17.1687  -14.4445
-16.9765  -14.3892
-16.785  -14.3315
-16.5944  -14.2712
-16.4045  -14.2083
-16.2155  -14.1429
-16.0274  -14.075
-15.8402  -14.0047
-15.6539  -13.9318
-15.4687  -13.8564
-15.2844  -13.7786
-15.1012  -13.6983
-14.9191  -13.6156
-14.7382  -13.5305
-14.5583  -13.4429
-14.3797  -13.353
-14.2023  -13.2607
-14.0261  -13.1661
-13.8512  -13.0691
-13.6776  -12.9698
-13.5053  -12.8681
-13.3344  -12.7642
-13.165  -12.658
-12.9969  -12.5496
-12.8303  -12.4389
-12.6652  -12.3261
-12.5016  -12.211
-12.3396  -12.0938
-12.1791  -11.9744
-12.0203  -11.8529
-11.8631  -11.7292
-11.7075  -11.6035
-11.5537  -11.4758
-11.4015  -11.346
-11.2511  -11.2141
-11.1025  -11.0803
-10.9556  -10.9445
-10.8106  -10.8068
-10.6675  -10.6671
